"728"	[3,2,1,0]
"729"	[4,3,2,1,0]
"73"	[4,3,2,1,0]
"730"	[4,3,2,1,0]
"731"	[4,3,2,1,0]
"732"	[4,3,2,1,0]
"733"	[4,3,2,1,0]
"734"	[4,3,2,1,0]
"735"	[4,3,2,1,0]
"736"	[4,3,2,1,0]
"737"	[4,3,2,1,0]
"738"	[3,2,1,0]
"739"	[4,3,2,1,0]
"74"	[3,2,1,0]
"740"	[4,3,2,1,0]
"741"	[4,3,2,1,0]
"742"	[4,3,2,1,0]
"743"	[4,3,2,1,0]
"744"	[3,2,1,0]
"745"	[4,3,2,1,0]
"746"	[4,3,2,1,0]
"747"	[4,3,2,1,0]
"748"	[4,3,2,1,0]
"749"	[4,3,2,1,0]
"75"	[4,3,2,1,0]
"750"	[3,2,1,0]
"751"	[4,3,2,1,0]
"752"	[4,3,2,1,0]
"753"	[4,3,2,1,0]
"754"	[4,3,2,1,0]
"755"	[4,3,2,1,0]
"756"	[4,3,2,1,0]
"757"	[4,3,2,1,0]
"758"	[4,3,2,1,0]
"759"	[3,2,1,0]
"76"	[4,3,2,1,0]
"760"	[4,3,2,1,0]
"761"	[4,3,2,1,0]
"762"	[4,3,2,1,0]
"763"	[3,2,1,0]
"764"	[4,3,2,1,0]
"765"	[3,2,1,0]
"766"	[4,3,2,1,0]
"767"	[2,1,0]
"768"	[4,3,2,1,0]
"769"	[4,3,2,1,0]
"77"	[4,3,2,1,0]
"770"	[3,2,1,0]
"771"	[4,3,2,1,0]
"772"	[3,2,1,0]
"773"	[4,3,2,1,0]
"774"	[4,3,2,1,0]
"775"	[3,2,1,0]
"776"	[4,3,2,1,0]
"777"	[4,3,2,1,0]
"778"	[4,3,2,1,0]
"779"	[3,2,1,0]
"78"	[4,3,2,1,0]
"780"	[4,3,2,1,0]
"781"	[4,3,2,1,0]
"782"	[4,3,2,1,0]
"783"	[3,2,1,0]
"784"	[2,1,0]
"785"	[3,2,1,0]
"786"	[4,3,2,1,0]
"787"	[4,3,2,1,0]
"788"	[4,3,2,1,0]
"789"	[4,3,2,1,0]
"79"	[3,2,1,0]
"790"	[4,3,2,1,0]
"791"	[4,3,2,1,0]
"792"	[4,3,2,1,0]
"793"	[3,2,1,0]
"794"	[3,2,1,0]
"795"	[4,3,2,1,0]
"796"	[4,3,2,1,0]
"797"	[4,3,2,1,0]
"798"	[4,3,2,1,0]
"799"	[3,2,1,0]
"8"	[4,3,2,1,0]
"80"	[4,3,2,1,0]
"800"	[3,2,1,0]
"801"	[4,3,2,1,0]
"802"	[4,3,2,1,0]
"803"	[4,3,2,1,0]
"804"	[4,3,2,1,0]
"805"	[4,3,2,1,0]
"806"	[4,3,2,1,0]
"807"	[4,3,2,1,0]
"808"	[3,2,1,0]
"809"	[4,3,2,1,0]
"81"	[4,3,2,1,0]
"810"	[2,1,0]
"811"	[3,2,1,0]
"812"	[4,3,2,1,0]
"813"	[4,3,2,1,0]
"814"	[2,1,0]
"815"	[4,3,2,1,0]
"816"	[3,2,1,0]
"817"	[4,3,2,1,0]
"818"	[4,3,2,1,0]
"819"	[4,3,2,1,0]
"82"	[4,3,2,1,0]
"820"	[4,3,2,1,0]
"821"	[3,2,1,0]
"822"	[4,3,2,1,0]
"823"	[4,3,2,1,0]
"824"	[3,2,1,0]
"825"	[4,3,2,1,0]
"826"	[3,2,1,0]
"827"	[3,2,1,0]
"828"	[4,3,2,1,0]
"829"	[4,3,2,1,0]
"83"	[4,3,2,1,0]
"830"	[4,3,2,1,0]
"831"	[4,3,2,1,0]
"832"	[3,2,1,0]
"833"	[4,3,2,1,0]
"834"	[3,2,1,0]
"835"	[3,2,1,0]
"836"	[4,3,2,1,0]
"837"	[4,3,2,1,0]
"838"	[3,2,1,0]
"839"	[4,3,2,1,0]
"84"	[3,2,1,0]
"840"	[4,3,2,1,0]
"841"	[3,2,1,0]
"842"	[4,3,2,1,0]
"843"	[4,3,2,1,0]
"844"	[4,3,2,1,0]
"845"	[4,3,2,1,0]
"846"	[4,3,2,1,0]
"847"	[4,3,2,1,0]
"848"	[4,3,2,1,0]
"849"	[1,0]
"85"	[4,3,2,1,0]
"850"	[4,3,2,1,0]
"851"	[4,3,2,1,0]
"852"	[4,3,2,1,0]
"853"	[4,3,2,1,0]
"854"	[4,3,2,1,0]
