"1"	[4,3,2,1,0]
"10"	[2,1,0]
"100"	[4,3,2,1,0]
"101"	[4,3,2,1,0]
"102"	[3,2,1,0]
"103"	[4,3,2,1,0]
"104"	[4,3,2,1,0]
"105"	[3,2,1,0]
"106"	[3,2,1,0]
"107"	[4,3,2,1,0]
"108"	[3,2,1,0]
"109"	[4,3,2,1,0]
"11"	[4,3,2,1,0]
"110"	[4,3,2,1,0]
"111"	[3,2,1,0]
"112"	[3,2,1,0]
"113"	[4,3,2,1,0]
"114"	[3,2,1,0]
"115"	[4,3,2,1,0]
"116"	[4,3,2,1,0]
"117"	[4,3,2,1,0]
"118"	[4,3,2,1,0]
"119"	[4,3,2,1,0]
"12"	[3,2,1,0]
"120"	[3,2,1,0]
"121"	[4,3,2,1,0]
"122"	[4,3,2,1,0]
"123"	[4,3,2,1,0]
"124"	[4,3,2,1,0]
"125"	[4,3,2,1,0]
"126"	[4,3,2,1,0]
"127"	[2,1,0]
"128"	[4,3,2,1,0]
"129"	[4,3,2,1,0]
"13"	[4,3,2,1,0]
"130"	[4,3,2,1,0]
"131"	[4,3,2,1,0]
"132"	[2,1,0]
"133"	[4,3,2,1,0]
"134"	[3,2,1,0]
"135"	[4,3,2,1,0]
"136"	[3,2,1,0]
"137"	[4,3,2,1,0]
"138"	[3,2,1,0]
"139"	[3,2,1,0]
"14"	[4,3,2,1,0]
"140"	[3,2,1,0]
"141"	[4,3,2,1,0]
"142"	[4,3,2,1,0]
"143"	[3,2,1,0]
"144"	[4,3,2,1,0]
"145"	[4,3,2,1,0]
"146"	[4,3,2,1,0]
"147"	[3,2,1,0]
"148"	[4,3,2,1,0]
"149"	[4,3,2,1,0]
"15"	[4,3,2,1,0]
"150"	[4,3,2,1,0]
"151"	[4,3,2,1,0]
"152"	[4,3,2,1,0]
"153"	[4,3,2,1,0]
"154"	[3,2,1,0]
"155"	[3,2,1,0]
"156"	[3,2,1,0]
"157"	[4,3,2,1,0]
"158"	[4,3,2,1,0]
"159"	[4,3,2,1,0]
"16"	[4,3,2,1,0]
"160"	[4,3,2,1,0]
"161"	[4,3,2,1,0]
"162"	[3,2,1,0]
"163"	[4,3,2,1,0]
"164"	[3,2,1,0]
"165"	[3,2,1,0]
"166"	[4,3,2,1,0]
"167"	[4,3,2,1,0]
"168"	[4,3,2,1,0]
"169"	[3,2,1,0]
"17"	[4,3,2,1,0]
"170"	[2,1,0]
"171"	[3,2,1,0]
"172"	[4,3,2,1,0]
"173"	[3,2,1,0]
"174"	[4,3,2,1,0]
"175"	[4,3,2,1,0]
"176"	[4,3,2,1,0]
"177"	[4,3,2,1,0]
"178"	[4,3,2,1,0]
"179"	[4,3,2,1,0]
"18"	[3,2,1,0]
"180"	[4,3,2,1,0]
"181"	[4,3,2,1,0]
"182"	[3,2,1,0]
"183"	[4,3,2,1,0]
"184"	[4,3,2,1,0]
"185"	[3,2,1,0]
"186"	[4,3,2,1,0]
"187"	[4,3,2,1,0]
"188"	[4,3,2,1,0]
"189"	[4,3,2,1,0]
"19"	[3,2,1,0]
"190"	[4,3,2,1,0]
"191"	[3,2,1,0]
"192"	[4,3,2,1,0]
"193"	[4,3,2,1,0]
"194"	[4,3,2,1,0]
"195"	[4,3,2,1,0]
"196"	[4,3,2,1,0]
"197"	[4,3,2,1,0]
"198"	[4,3,2,1,0]
"199"	[4,3,2,1,0]
"2"	[4,3,2,1,0]
"20"	[4,3,2,1,0]
"200"	[3,2,1,0]
"201"	[4,3,2,1,0]
"202"	[4,3,2,1,0]
"203"	[4,3,2,1,0]
"204"	[4,3,2,1,0]
"205"	[3,2,1,0]
"206"	[4,3,2,1,0]
"207"	[4,3,2,1,0]
"208"	[4,3,2,1,0]
"209"	[4,3,2,1,0]
"21"	[4,3,2,1,0]
"210"	[3,2,1,0]
"211"	[4,3,2,1,0]
"212"	[4,3,2,1,0]
"213"	[4,3,2,1,0]
"214"	[3,2,1,0]
"215"	[3,2,1,0]
"216"	[4,3,2,1,0]
"217"	[4,3,2,1,0]
