"309"	[3,2,1,0]
"31"	[3,2,1,0]
"310"	[3,2,1,0]
"311"	[4,3,2,1,0]
"312"	[4,3,2,1,0]
"313"	[4,3,2,1,0]
"314"	[4,3,2,1,0]
"315"	[4,3,2,1,0]
"316"	[4,3,2,1,0]
"317"	[3,2,1,0]
"318"	[4,3,2,1,0]
"319"	[3,2,1,0]
"32"	[4,3,2,1,0]
"320"	[4,3,2,1,0]
"321"	[3,2,1,0]
"322"	[3,2,1,0]
"323"	[4,3,2,1,0]
"324"	[3,2,1,0]
"325"	[4,3,2,1,0]
"326"	[4,3,2,1,0]
"327"	[4,3,2,1,0]
"328"	[4,3,2,1,0]
"329"	[3,2,1,0]
"33"	[2,1,0]
"330"	[3,2,1,0]
"331"	[4,3,2,1,0]
"332"	[3,2,1,0]
"333"	[4,3,2,1,0]
"334"	[4,3,2,1,0]
"335"	[4,3,2,1,0]
"336"	[4,3,2,1,0]
"337"	[4,3,2,1,0]
"338"	[4,3,2,1,0]
"339"	[4,3,2,1,0]
"34"	[3,2,1,0]
"340"	[4,3,2,1,0]
"341"	[4,3,2,1,0]
"342"	[4,3,2,1,0]
"343"	[4,3,2,1,0]
"344"	[4,3,2,1,0]
"345"	[4,3,2,1,0]
"346"	[4,3,2,1,0]
"347"	[4,3,2,1,0]
"348"	[3,2,1,0]
"349"	[4,3,2,1,0]
"35"	[4,3,2,1,0]
"350"	[3,2,1,0]
"351"	[4,3,2,1,0]
"352"	[4,3,2,1,0]
"353"	[4,3,2,1,0]
"354"	[4,3,2,1,0]
"355"	[2,1,0]
"356"	[4,3,2,1,0]
"357"	[3,2,1,0]
"358"	[4,3,2,1,0]
"359"	[2,1,0]
"36"	[4,3,2,1,0]
"360"	[3,2,1,0]
"361"	[4,3,2,1,0]
"362"	[4,3,2,1,0]
"363"	[4,3,2,1,0]
"364"	[4,3,2,1,0]
"365"	[4,3,2,1,0]
"366"	[4,3,2,1,0]
"367"	[3,2,1,0]
"368"	[4,3,2,1,0]
"369"	[3,2,1,0]
"37"	[4,3,2,1,0]
"370"	[4,3,2,1,0]
"371"	[4,3,2,1,0]
"372"	[3,2,1,0]
"373"	[4,3,2,1,0]
"374"	[4,3,2,1,0]
"375"	[3,2,1,0]
"376"	[2,1,0]
"377"	[3,2,1,0]
"378"	[4,3,2,1,0]
"379"	[4,3,2,1,0]
"38"	[4,3,2,1,0]
"380"	[4,3,2,1,0]
"381"	[4,3,2,1,0]
"382"	[4,3,2,1,0]
"383"	[3,2,1,0]
"384"	[2,1,0]
"385"	[4,3,2,1,0]
"386"	[3,2,1,0]
"387"	[4,3,2,1,0]
"388"	[3,2,1,0]
"389"	[4,3,2,1,0]
"39"	[3,2,1,0]
"390"	[4,3,2,1,0]
"391"	[4,3,2,1,0]
"392"	[4,3,2,1,0]
"393"	[4,3,2,1,0]
"394"	[4,3,2,1,0]
"395"	[4,3,2,1,0]
"396"	[3,2,1,0]
"397"	[4,3,2,1,0]
"398"	[3,2,1,0]
"399"	[4,3,2,1,0]
"4"	[3,2,1,0]
"40"	[3,2,1,0]
"400"	[3,2,1,0]
"401"	[4,3,2,1,0]
"402"	[4,3,2,1,0]
"403"	[4,3,2,1,0]
"404"	[4,3,2,1,0]
"405"	[4,3,2,1,0]
