"406"	[4,3,2,1,0]
"407"	[4,3,2,1,0]
"408"	[4,3,2,1,0]
"409"	[4,3,2,1,0]
"41"	[3,2,1,0]
"410"	[4,3,2,1,0]
"411"	[3,2,1,0]
"412"	[3,2,1,0]
"413"	[4,3,2,1,0]
"414"	[4,3,2,1,0]
"415"	[4,3,2,1,0]
"416"	[4,3,2,1,0]
"417"	[4,3,2,1,0]
"418"	[4,3,2,1,0]
"419"	[3,2,1,0]
"42"	[4,3,2,1,0]
"420"	[2,1,0]
"421"	[4,3,2,1,0]
"422"	[4,3,2,1,0]
"423"	[4,3,2,1,0]
"424"	[4,3,2,1,0]
"425"	[4,3,2,1,0]
"426"	[4,3,2,1,0]
"427"	[3,2,1,0]
"428"	[4,3,2,1,0]
"429"	[4,3,2,1,0]
"43"	[4,3,2,1,0]
"430"	[4,3,2,1,0]
"431"	[3,2,1,0]
"432"	[4,3,2,1,0]
"433"	[4,3,2,1,0]
"434"	[4,3,2,1,0]
"435"	[4,3,2,1,0]
"436"	[4,3,2,1,0]
"437"	[4,3,2,1,0]
"438"	[3,2,1,0]
"439"	[3,2,1,0]
"44"	[4,3,2,1,0]
"440"	[4,3,2,1,0]
"441"	[3,2,1,0]
"442"	[4,3,2,1,0]
"443"	[4,3,2,1,0]
"444"	[4,3,2,1,0]
"445"	[4,3,2,1,0]
"446"	[4,3,2,1,0]
"447"	[4,3,2,1,0]
"448"	[4,3,2,1,0]
"449"	[4,3,2,1,0]
"45"	[3,2,1,0]
"450"	[4,3,2,1,0]
"451"	[4,3,2,1,0]
"452"	[4,3,2,1,0]
"453"	[4,3,2,1,0]
"454"	[4,3,2,1,0]
"455"	[4,3,2,1,0]
"456"	[4,3,2,1,0]
"457"	[4,3,2,1,0]
"458"	[4,3,2,1,0]
"459"	[4,3,2,1,0]
"46"	[3,2,1,0]
"460"	[3,2,1,0]
"461"	[4,3,2,1,0]
"462"	[4,3,2,1,0]
"463"	[4,3,2,1,0]
"464"	[3,2,1,0]
"465"	[4,3,2,1,0]
"466"	[4,3,2,1,0]
"467"	[3,2,1,0]
"468"	[3,2,1,0]
"469"	[2,1,0]
"47"	[3,2,1,0]
"470"	[3,2,1,0]
"471"	[4,3,2,1,0]
"472"	[4,3,2,1,0]
"473"	[3,2,1,0]
"474"	[4,3,2,1,0]
"475"	[4,3,2,1,0]
"476"	[4,3,2,1,0]
"477"	[1,0]
"478"	[4,3,2,1,0]
"479"	[4,3,2,1,0]
"48"	[4,3,2,1,0]
"480"	[4,3,2,1,0]
"481"	[3,2,1,0]
"482"	[3,2,1,0]
"483"	[4,3,2,1,0]
"484"	[4,3,2,1,0]
"485"	[4,3,2,1,0]
"486"	[4,3,2,1,0]
"487"	[4,3,2,1,0]
"488"	[4,3,2,1,0]
"489"	[3,2,1,0]
"49"	[4,3,2,1,0]
"490"	[4,3,2,1,0]
"491"	[4,3,2,1,0]
"492"	[4,3,2,1,0]
"493"	[4,3,2,1,0]
"494"	[4,3,2,1,0]
"495"	[4,3,2,1,0]
"496"	[4,3,2,1,0]
"497"	[4,3,2,1,0]
"498"	[4,3,2,1,0]
"499"	[4,3,2,1,0]
"5"	[4,3,2,1,0]
"50"	[4,3,2,1,0]
"500"	[4,3,2,1,0]
