"855"	[2,1,0]
"856"	[4,3,2,1,0]
"857"	[4,3,2,1,0]
"858"	[4,3,2,1,0]
"859"	[3,2,1,0]
"86"	[4,3,2,1,0]
"860"	[4,3,2,1,0]
"861"	[4,3,2,1,0]
"862"	[3,2,1,0]
"863"	[4,3,2,1,0]
"864"	[4,3,2,1,0]
"865"	[4,3,2,1,0]
"866"	[3,2,1,0]
"867"	[4,3,2,1,0]
"868"	[4,3,2,1,0]
"869"	[4,3,2,1,0]
"87"	[4,3,2,1,0]
"870"	[4,3,2,1,0]
"871"	[3,2,1,0]
"872"	[4,3,2,1,0]
"873"	[4,3,2,1,0]
"874"	[3,2,1,0]
"875"	[3,2,1,0]
"876"	[3,2,1,0]
"877"	[4,3,2,1,0]
"878"	[4,3,2,1,0]
"879"	[3,2,1,0]
"88"	[4,3,2,1,0]
"880"	[4,3,2,1,0]
"881"	[4,3,2,1,0]
"882"	[4,3,2,1,0]
"883"	[4,3,2,1,0]
"884"	[4,3,2,1,0]
"885"	[4,3,2,1,0]
"886"	[4,3,2,1,0]
"887"	[4,3,2,1,0]
"888"	[2,1,0]
"889"	[4,3,2,1,0]
"89"	[4,3,2,1,0]
"890"	[4,3,2,1,0]
"891"	[2,1,0]
"892"	[4,3,2,1,0]
"893"	[4,3,2,1,0]
"894"	[4,3,2,1,0]
"895"	[3,2,1,0]
"896"	[4,3,2,1,0]
"897"	[4,3,2,1,0]
"898"	[4,3,2,1,0]
"899"	[4,3,2,1,0]
"9"	[3,2,1,0]
"90"	[4,3,2,1,0]
"900"	[4,3,2,1,0]
"901"	[4,3,2,1,0]
"902"	[4,3,2,1,0]
"903"	[4,3,2,1,0]
"904"	[3,2,1,0]
"905"	[4,3,2,1,0]
"906"	[3,2,1,0]
"907"	[3,2,1,0]
"908"	[3,2,1,0]
"909"	[2,1,0]
"91"	[4,3,2,1,0]
"910"	[4,3,2,1,0]
"911"	[4,3,2,1,0]
"912"	[3,2,1,0]
"913"	[4,3,2,1,0]
"914"	[4,3,2,1,0]
"915"	[3,2,1,0]
"916"	[4,3,2,1,0]
"917"	[4,3,2,1,0]
"918"	[4,3,2,1,0]
"919"	[4,3,2,1,0]
"92"	[4,3,2,1,0]
"920"	[3,2,1,0]
"921"	[4,3,2,1,0]
"922"	[4,3,2,1,0]
"923"	[3,2,1,0]
"924"	[3,2,1,0]
"925"	[4,3,2,1,0]
"926"	[4,3,2,1,0]
"927"	[4,3,2,1,0]
"928"	[2,1,0]
"929"	[4,3,2,1,0]
"93"	[4,3,2,1,0]
"930"	[4,3,2,1,0]
"931"	[4,3,2,1,0]
"932"	[4,3,2,1,0]
"933"	[4,3,2,1,0]
"934"	[4,3,2,1,0]
"935"	[4,3,2,1,0]
"936"	[4,3,2,1,0]
"937"	[4,3,2,1,0]
"938"	[4,3,2,1,0]
"939"	[3,2,1,0]
"94"	[4,3,2,1,0]
"940"	[4,3,2,1,0]
"941"	[3,2,1,0]
"942"	[3,2,1,0]
"943"	[4,3,2,1,0]
"95"	[4,3,2,1,0]
"96"	[4,3,2,1,0]
"97"	[4,3,2,1,0]
"98"	[4,3,2,1,0]
"99"	[4,3,2,1,0]
