"501"	[2,1,0]
"502"	[4,3,2,1,0]
"503"	[4,3,2,1,0]
"504"	[4,3,2,1,0]
"505"	[4,3,2,1,0]
"506"	[4,3,2,1,0]
"507"	[4,3,2,1,0]
"508"	[4,3,2,1,0]
"509"	[4,3,2,1,0]
"51"	[4,3,2,1,0]
"510"	[4,3,2,1,0]
"511"	[4,3,2,1,0]
"512"	[3,2,1,0]
"513"	[2,1,0]
"514"	[4,3,2,1,0]
"515"	[4,3,2,1,0]
"516"	[2,1,0]
"517"	[4,3,2,1,0]
"518"	[4,3,2,1,0]
"519"	[4,3,2,1,0]
"52"	[3,2,1,0]
"520"	[4,3,2,1,0]
"521"	[4,3,2,1,0]
"522"	[3,2,1,0]
"523"	[3,2,1,0]
"524"	[4,3,2,1,0]
"525"	[4,3,2,1,0]
"526"	[4,3,2,1,0]
"527"	[4,3,2,1,0]
"528"	[4,3,2,1,0]
"529"	[4,3,2,1,0]
"53"	[3,2,1,0]
"530"	[3,2,1,0]
"531"	[4,3,2,1,0]
"532"	[4,3,2,1,0]
"533"	[4,3,2,1,0]
"534"	[4,3,2,1,0]
"535"	[4,3,2,1,0]
"536"	[4,3,2,1,0]
"537"	[4,3,2,1,0]
"538"	[4,3,2,1,0]
"539"	[3,2,1,0]
"54"	[4,3,2,1,0]
"540"	[3,2,1,0]
"541"	[4,3,2,1,0]
"542"	[3,2,1,0]
"543"	[3,2,1,0]
"544"	[4,3,2,1,0]
"545"	[4,3,2,1,0]
"546"	[4,3,2,1,0]
"547"	[4,3,2,1,0]
"548"	[4,3,2,1,0]
"549"	[3,2,1,0]
"55"	[4,3,2,1,0]
"550"	[4,3,2,1,0]
"551"	[4,3,2,1,0]
"552"	[2,1,0]
"553"	[3,2,1,0]
"554"	[4,3,2,1,0]
"555"	[3,2,1,0]
"556"	[4,3,2,1,0]
"557"	[4,3,2,1,0]
"558"	[3,2,1,0]
"559"	[4,3,2,1,0]
"56"	[4,3,2,1,0]
"560"	[4,3,2,1,0]
"561"	[4,3,2,1,0]
"562"	[4,3,2,1,0]
"563"	[4,3,2,1,0]
"564"	[2,1,0]
"565"	[3,2,1,0]
"566"	[4,3,2,1,0]
"567"	[4,3,2,1,0]
"568"	[4,3,2,1,0]
"569"	[4,3,2,1,0]
"57"	[4,3,2,1,0]
"570"	[4,3,2,1,0]
"571"	[2,1,0]
"572"	[4,3,2,1,0]
"573"	[3,2,1,0]
"574"	[4,3,2,1,0]
"575"	[4,3,2,1,0]
"576"	[4,3,2,1,0]
"577"	[4,3,2,1,0]
"578"	[4,3,2,1,0]
"579"	[4,3,2,1,0]
"58"	[4,3,2,1,0]
"580"	[4,3,2,1,0]
"581"	[3,2,1,0]
"582"	[4,3,2,1,0]
"583"	[2,1,0]
"584"	[4,3,2,1,0]
"585"	[3,2,1,0]
"586"	[4,3,2,1,0]
"587"	[4,3,2,1,0]
"588"	[4,3,2,1,0]
"589"	[4,3,2,1,0]
"59"	[4,3,2,1,0]
"590"	[4,3,2,1,0]
"591"	[3,2,1,0]
"592"	[4,3,2,1,0]
"593"	[4,3,2,1,0]
"594"	[3,2,1,0]
"595"	[4,3,2,1,0]
"596"	[3,2,1,0]
"597"	[4,3,2,1,0]
"598"	[3,2,1,0]
"599"	[4,3,2,1,0]
"6"	[4,3,2,1,0]
"60"	[3,2,1,0]
"600"	[4,3,2,1,0]
"601"	[4,3,2,1,0]
"602"	[3,2,1,0]
"603"	[4,3,2,1,0]
"604"	[4,3,2,1,0]
"605"	[4,3,2,1,0]
"606"	[4,3,2,1,0]
"607"	[3,2,1,0]
"608"	[4,3,2,1,0]
"609"	[4,3,2,1,0]
"61"	[4,3,2,1,0]
"610"	[4,3,2,1,0]
"611"	[4,3,2,1,0]
"612"	[3,2,1,0]
"613"	[3,2,1,0]
"614"	[4,3,2,1,0]
"615"	[4,3,2,1,0]
"616"	[3,2,1,0]
"617"	[4,3,2,1,0]
"618"	[4,3,2,1,0]
"619"	[4,3,2,1,0]
