"218"	[3,2,1,0]
"219"	[3,2,1,0]
"22"	[4,3,2,1,0]
"220"	[3,2,1,0]
"221"	[4,3,2,1,0]
"222"	[4,3,2,1,0]
"223"	[4,3,2,1,0]
"224"	[4,3,2,1,0]
"225"	[2,1,0]
"226"	[4,3,2,1,0]
"227"	[4,3,2,1,0]
"228"	[4,3,2,1,0]
"229"	[4,3,2,1,0]
"23"	[4,3,2,1,0]
"230"	[4,3,2,1,0]
"231"	[3,2,1,0]
"232"	[4,3,2,1,0]
"233"	[3,2,1,0]
"234"	[4,3,2,1,0]
"235"	[4,3,2,1,0]
"236"	[4,3,2,1,0]
"237"	[3,2,1,0]
"238"	[4,3,2,1,0]
"239"	[4,3,2,1,0]
"24"	[3,2,1,0]
"240"	[4,3,2,1,0]
"241"	[3,2,1,0]
"242"	[2,1,0]
"243"	[4,3,2,1,0]
"244"	[4,3,2,1,0]
"245"	[4,3,2,1,0]
"246"	[4,3,2,1,0]
"247"	[3,2,1,0]
"248"	[4,3,2,1,0]
"249"	[4,3,2,1,0]
"25"	[3,2,1,0]
"250"	[4,3,2,1,0]
"251"	[3,2,1,0]
"252"	[2,1,0]
"253"	[4,3,2,1,0]
"254"	[4,3,2,1,0]
"255"	[4,3,2,1,0]
"256"	[4,3,2,1,0]
"257"	[3,2,1,0]
"258"	[4,3,2,1,0]
"259"	[3,2,1,0]
"26"	[4,3,2,1,0]
"260"	[4,3,2,1,0]
"261"	[3,2,1,0]
"262"	[4,3,2,1,0]
"263"	[4,3,2,1,0]
"264"	[4,3,2,1,0]
"265"	[4,3,2,1,0]
"266"	[4,3,2,1,0]
"267"	[4,3,2,1,0]
"268"	[4,3,2,1,0]
"269"	[4,3,2,1,0]
"27"	[3,2,1,0]
"270"	[4,3,2,1,0]
"271"	[4,3,2,1,0]
"272"	[4,3,2,1,0]
"273"	[3,2,1,0]
"274"	[4,3,2,1,0]
"275"	[2,1,0]
"276"	[4,3,2,1,0]
"277"	[4,3,2,1,0]
"278"	[3,2,1,0]
"279"	[4,3,2,1,0]
"28"	[4,3,2,1,0]
"280"	[4,3,2,1,0]
"281"	[4,3,2,1,0]
"282"	[4,3,2,1,0]
"283"	[3,2,1,0]
"284"	[3,2,1,0]
"285"	[3,2,1,0]
"286"	[4,3,2,1,0]
"287"	[4,3,2,1,0]
"288"	[4,3,2,1,0]
"289"	[4,3,2,1,0]
"29"	[3,2,1,0]
"290"	[4,3,2,1,0]
"291"	[4,3,2,1,0]
"292"	[3,2,1,0]
"293"	[4,3,2,1,0]
"294"	[4,3,2,1,0]
"295"	[4,3,2,1,0]
"296"	[4,3,2,1,0]
"297"	[4,3,2,1,0]
"298"	[3,2,1,0]
"299"	[4,3,2,1,0]
"3"	[4,3,2,1,0]
"30"	[4,3,2,1,0]
"300"	[4,3,2,1,0]
"301"	[4,3,2,1,0]
"302"	[3,2,1,0]
"303"	[4,3,2,1,0]
"304"	[4,3,2,1,0]
"305"	[4,3,2,1,0]
"306"	[4,3,2,1,0]
"307"	[4,3,2,1,0]
"308"	[4,3,2,1,0]
