"62"	[4,3,2,1,0]
"620"	[4,3,2,1,0]
"621"	[4,3,2,1,0]
"622"	[4,3,2,1,0]
"623"	[4,3,2,1,0]
"624"	[4,3,2,1,0]
"625"	[3,2,1,0]
"626"	[4,3,2,1,0]
"627"	[4,3,2,1,0]
"628"	[3,2,1,0]
"629"	[4,3,2,1,0]
"63"	[4,3,2,1,0]
"630"	[4,3,2,1,0]
"631"	[2,1,0]
"632"	[4,3,2,1,0]
"633"	[4,3,2,1,0]
"634"	[4,3,2,1,0]
"635"	[4,3,2,1,0]
"636"	[2,1,0]
"637"	[4,3,2,1,0]
"638"	[4,3,2,1,0]
"639"	[4,3,2,1,0]
"64"	[4,3,2,1,0]
"640"	[4,3,2,1,0]
"641"	[3,2,1,0]
"642"	[4,3,2,1,0]
"643"	[3,2,1,0]
"644"	[3,2,1,0]
"645"	[4,3,2,1,0]
"646"	[4,3,2,1,0]
"647"	[3,2,1,0]
"648"	[4,3,2,1,0]
"649"	[3,2,1,0]
"65"	[4,3,2,1,0]
"650"	[4,3,2,1,0]
"651"	[4,3,2,1,0]
"652"	[4,3,2,1,0]
"653"	[4,3,2,1,0]
"654"	[4,3,2,1,0]
"655"	[4,3,2,1,0]
"656"	[4,3,2,1,0]
"657"	[4,3,2,1,0]
"658"	[3,2,1,0]
"659"	[4,3,2,1,0]
"66"	[4,3,2,1,0]
"660"	[4,3,2,1,0]
"661"	[4,3,2,1,0]
"662"	[3,2,1,0]
"663"	[4,3,2,1,0]
"664"	[4,3,2,1,0]
"665"	[4,3,2,1,0]
"666"	[3,2,1,0]
"667"	[4,3,2,1,0]
"668"	[4,3,2,1,0]
"669"	[4,3,2,1,0]
"67"	[3,2,1,0]
"670"	[3,2,1,0]
"671"	[4,3,2,1,0]
"672"	[4,3,2,1,0]
"673"	[4,3,2,1,0]
"674"	[4,3,2,1,0]
"675"	[4,3,2,1,0]
"676"	[4,3,2,1,0]
"677"	[4,3,2,1,0]
"678"	[4,3,2,1,0]
"679"	[4,3,2,1,0]
"68"	[4,3,2,1,0]
"680"	[3,2,1,0]
"681"	[4,3,2,1,0]
"682"	[4,3,2,1,0]
"683"	[4,3,2,1,0]
"684"	[4,3,2,1,0]
"685"	[2,1,0]
"686"	[4,3,2,1,0]
"687"	[3,2,1,0]
"688"	[2,1,0]
"689"	[4,3,2,1,0]
"69"	[4,3,2,1,0]
"690"	[4,3,2,1,0]
"691"	[4,3,2,1,0]
"692"	[4,3,2,1,0]
"693"	[4,3,2,1,0]
"694"	[2,1,0]
"695"	[4,3,2,1,0]
"696"	[3,2,1,0]
"697"	[4,3,2,1,0]
"698"	[4,3,2,1,0]
"699"	[4,3,2,1,0]
"7"	[4,3,2,1,0]
"70"	[4,3,2,1,0]
"700"	[2,1,0]
"701"	[2,1,0]
"702"	[4,3,2,1,0]
"703"	[4,3,2,1,0]
"704"	[3,2,1,0]
"705"	[4,3,2,1,0]
"706"	[4,3,2,1,0]
"707"	[4,3,2,1,0]
"708"	[4,3,2,1,0]
"709"	[4,3,2,1,0]
"71"	[4,3,2,1,0]
"710"	[4,3,2,1,0]
"711"	[4,3,2,1,0]
"712"	[4,3,2,1,0]
"713"	[4,3,2,1,0]
"714"	[4,3,2,1,0]
"715"	[4,3,2,1,0]
"716"	[4,3,2,1,0]
"717"	[4,3,2,1,0]
"718"	[4,3,2,1,0]
"719"	[4,3,2,1,0]
"72"	[4,3,2,1,0]
"720"	[3,2,1,0]
"721"	[4,3,2,1,0]
"722"	[3,2,1,0]
"723"	[4,3,2,1,0]
"724"	[4,3,2,1,0]
"725"	[4,3,2,1,0]
"726"	[4,3,2,1,0]
"727"	[4,3,2,1,0]
