"501"	[3,4,5]
"502"	[1,2,3,4,5]
"503"	[1,2,3,4,5]
"504"	[1,2,3,4,5]
"505"	[1,2,3,4,5]
"506"	[1,2,3,4,5]
"507"	[1,2,3,4,5]
"508"	[1,2,3,4,5]
"509"	[1,2,3,4,5]
"51"	[1,2,3,4,5]
"510"	[1,2,3,4,5]
"511"	[1,2,3,4,5]
"512"	[2,3,4,5]
"513"	[3,4,5]
"514"	[1,2,3,4,5]
"515"	[1,2,3,4,5]
"516"	[3,4,5]
"517"	[1,2,3,4,5]
"518"	[1,2,3,4,5]
"519"	[1,2,3,4,5]
"52"	[2,3,4,5]
"520"	[1,2,3,4,5]
"521"	[1,2,3,4,5]
"522"	[2,3,4,5]
"523"	[2,3,4,5]
"524"	[1,2,3,4,5]
"525"	[1,2,3,4,5]
"526"	[1,2,3,4,5]
"527"	[1,2,3,4,5]
"528"	[1,2,3,4,5]
"529"	[1,2,3,4,5]
"53"	[2,3,4,5]
"530"	[2,3,4,5]
"531"	[1,2,3,4,5]
"532"	[1,2,3,4,5]
"533"	[1,2,3,4,5]
"534"	[1,2,3,4,5]
"535"	[1,2,3,4,5]
"536"	[1,2,3,4,5]
"537"	[1,2,3,4,5]
"538"	[1,2,3,4,5]
"539"	[2,3,4,5]
"54"	[1,2,3,4,5]
"540"	[2,3,4,5]
"541"	[1,2,3,4,5]
"542"	[2,3,4,5]
"543"	[2,3,4,5]
"544"	[1,2,3,4,5]
"545"	[1,2,3,4,5]
"546"	[1,2,3,4,5]
"547"	[1,2,3,4,5]
"548"	[1,2,3,4,5]
"549"	[2,3,4,5]
"55"	[1,2,3,4,5]
"550"	[1,2,3,4,5]
"551"	[1,2,3,4,5]
"552"	[2,3,4]
"553"	[2,3,4,5]
"554"	[1,2,3,4,5]
"555"	[2,3,4,5]
"556"	[1,2,3,4,5]
"557"	[1,2,3,4,5]
"558"	[2,3,4,5]
"559"	[1,2,3,4,5]
"56"	[1,2,3,4,5]
"560"	[1,2,3,4,5]
"561"	[1,2,3,4,5]
"562"	[1,2,3,4,5]
"563"	[1,2,3,4,5]
"564"	[2,3,4]
"565"	[2,3,4,5]
"566"	[1,2,3,4,5]
"567"	[1,2,3,4,5]
"568"	[1,2,3,4,5]
"569"	[1,2,3,4,5]
"57"	[1,2,3,4,5]
"570"	[1,2,3,4,5]
"571"	[2,3,4]
"572"	[1,2,3,4,5]
"573"	[2,3,4,5]
"574"	[1,2,3,4,5]
"575"	[1,2,3,4,5]
"576"	[1,2,3,4,5]
"577"	[1,2,3,4,5]
"578"	[1,2,3,4,5]
"579"	[1,2,3,4,5]
"58"	[1,2,3,4,5]
"580"	[1,2,3,4,5]
"581"	[2,3,4,5]
"582"	[1,2,3,4,5]
"583"	[2,4,5]
"584"	[1,2,3,4,5]
"585"	[2,3,4,5]
"586"	[1,2,3,4,5]
"587"	[1,2,3,4,5]
"588"	[1,2,3,4,5]
"589"	[1,2,3,4,5]
"59"	[1,2,3,4,5]
"590"	[1,2,3,4,5]
"591"	[2,3,4,5]
"592"	[1,2,3,4,5]
"593"	[1,2,3,4,5]
"594"	[2,3,4,5]
"595"	[1,2,3,4,5]
"596"	[2,3,4,5]
"597"	[1,2,3,4,5]
"598"	[2,3,4,5]
"599"	[1,2,3,4,5]
"6"	[1,2,3,4,5]
"60"	[2,3,4,5]
"600"	[1,2,3,4,5]
"601"	[1,2,3,4,5]
"602"	[2,3,4,5]
"603"	[1,2,3,4,5]
"604"	[1,2,3,4,5]
"605"	[1,2,3,4,5]
"606"	[1,2,3,4,5]
"607"	[2,3,4,5]
"608"	[1,2,3,4,5]
"609"	[1,2,3,4,5]
"61"	[1,2,3,4,5]
"610"	[1,2,3,4,5]
"611"	[1,2,3,4,5]
"612"	[2,3,4,5]
"613"	[2,3,4,5]
"614"	[1,2,3,4,5]
"615"	[1,2,3,4,5]
"616"	[2,3,4,5]
"617"	[1,2,3,4,5]
"618"	[1,2,3,4,5]
"619"	[1,2,3,4,5]
