"406"	[1,2,3,4,5]
"407"	[1,2,3,4,5]
"408"	[1,2,3,4,5]
"409"	[1,2,3,4,5]
"41"	[2,3,4,5]
"410"	[1,2,3,4,5]
"411"	[2,3,4,5]
"412"	[2,3,4,5]
"413"	[1,2,3,4,5]
"414"	[1,2,3,4,5]
"415"	[1,2,3,4,5]
"416"	[1,2,3,4,5]
"417"	[1,2,3,4,5]
"418"	[1,2,3,4,5]
"419"	[1,3,4,5]
"42"	[1,2,3,4,5]
"420"	[3,4,5]
"421"	[1,2,3,4,5]
"422"	[1,2,3,4,5]
"423"	[1,2,3,4,5]
"424"	[1,2,3,4,5]
"425"	[1,2,3,4,5]
"426"	[1,2,3,4,5]
"427"	[2,3,4,5]
"428"	[1,2,3,4,5]
"429"	[1,2,3,4,5]
"43"	[1,2,3,4,5]
"430"	[1,2,3,4,5]
"431"	[2,3,4,5]
"432"	[1,2,3,4,5]
"433"	[1,2,3,4,5]
"434"	[1,2,3,4,5]
"435"	[1,2,3,4,5]
"436"	[1,2,3,4,5]
"437"	[1,2,3,4,5]
"438"	[2,3,4,5]
"439"	[2,3,4,5]
"44"	[1,2,3,4,5]
"440"	[1,2,3,4,5]
"441"	[2,3,4,5]
"442"	[1,2,3,4,5]
"443"	[1,2,3,4,5]
"444"	[1,2,3,4,5]
"445"	[1,2,3,4,5]
"446"	[1,2,3,4,5]
"447"	[1,2,3,4,5]
"448"	[1,2,3,4,5]
"449"	[1,2,3,4,5]
"45"	[2,3,4,5]
"450"	[1,2,3,4,5]
"451"	[1,2,3,4,5]
"452"	[1,2,3,4,5]
"453"	[1,2,3,4,5]
"454"	[1,2,3,4,5]
"455"	[1,2,3,4,5]
"456"	[1,2,3,4,5]
"457"	[1,2,3,4,5]
"458"	[1,2,3,4,5]
"459"	[1,2,3,4,5]
"46"	[2,3,4,5]
"460"	[2,3,4,5]
"461"	[1,2,3,4,5]
"462"	[1,2,3,4,5]
"463"	[1,2,3,4,5]
"464"	[2,3,4,5]
"465"	[1,2,3,4,5]
"466"	[1,2,3,4,5]
"467"	[2,3,4,5]
"468"	[2,3,4,5]
"469"	[3,4,5]
"47"	[2,3,4,5]
"470"	[2,3,4,5]
"471"	[1,2,3,4,5]
"472"	[1,2,3,4,5]
"473"	[2,3,4,5]
"474"	[1,2,3,4,5]
"475"	[1,2,3,4,5]
"476"	[1,2,3,4,5]
"477"	[4,5]
"478"	[1,2,3,4,5]
"479"	[1,2,3,4,5]
"48"	[1,2,3,4,5]
"480"	[1,2,3,4,5]
"481"	[1,3,4,5]
"482"	[2,3,4,5]
"483"	[1,2,3,4,5]
"484"	[1,2,3,4,5]
"485"	[1,2,3,4,5]
"486"	[1,2,3,4,5]
"487"	[1,2,3,4,5]
"488"	[1,2,3,4,5]
"489"	[2,3,4,5]
"49"	[1,2,3,4,5]
"490"	[1,2,3,4,5]
"491"	[1,2,3,4,5]
"492"	[1,2,3,4,5]
"493"	[1,2,3,4,5]
"494"	[1,2,3,4,5]
"495"	[1,2,3,4,5]
"496"	[1,2,3,4,5]
"497"	[1,2,3,4,5]
"498"	[1,2,3,4,5]
"499"	[1,2,3,4,5]
"5"	[1,2,3,4,5]
"50"	[1,2,3,4,5]
"500"	[1,2,3,4,5]
