"855"	[2,3,4]
"856"	[1,2,3,4,5]
"857"	[1,2,3,4,5]
"858"	[1,2,3,4,5]
"859"	[2,3,4,5]
"86"	[1,2,3,4,5]
"860"	[1,2,3,4,5]
"861"	[1,2,3,4,5]
"862"	[2,3,4,5]
"863"	[1,2,3,4,5]
"864"	[1,2,3,4,5]
"865"	[1,2,3,4,5]
"866"	[1,2,3,4]
"867"	[1,2,3,4,5]
"868"	[1,2,3,4,5]
"869"	[1,2,3,4,5]
"87"	[1,2,3,4,5]
"870"	[1,2,3,4,5]
"871"	[2,3,4,5]
"872"	[1,2,3,4,5]
"873"	[1,2,3,4,5]
"874"	[2,3,4,5]
"875"	[2,3,4,5]
"876"	[2,3,4,5]
"877"	[1,2,3,4,5]
"878"	[1,2,3,4,5]
"879"	[2,3,4,5]
"88"	[1,2,3,4,5]
"880"	[1,2,3,4,5]
"881"	[1,2,3,4,5]
"882"	[1,2,3,4,5]
"883"	[1,2,3,4,5]
"884"	[1,2,3,4,5]
"885"	[1,2,3,4,5]
"886"	[1,2,3,4,5]
"887"	[1,2,3,4,5]
"888"	[3,4,5]
"889"	[1,2,3,4,5]
"89"	[1,2,3,4,5]
"890"	[1,2,3,4,5]
"891"	[3,4,5]
"892"	[1,2,3,4,5]
"893"	[1,2,3,4,5]
"894"	[1,2,3,4,5]
"895"	[2,3,4,5]
"896"	[1,2,3,4,5]
"897"	[1,2,3,4,5]
"898"	[1,2,3,4,5]
"899"	[1,2,3,4,5]
"9"	[1,3,4,5]
"90"	[1,2,3,4,5]
"900"	[1,2,3,4,5]
"901"	[1,2,3,4,5]
"902"	[1,2,3,4,5]
"903"	[1,2,3,4,5]
"904"	[2,3,4,5]
"905"	[1,2,3,4,5]
"906"	[2,3,4,5]
"907"	[2,3,4,5]
"908"	[2,3,4,5]
"909"	[3,4,5]
"91"	[1,2,3,4,5]
"910"	[1,2,3,4,5]
"911"	[1,2,3,4,5]
"912"	[2,3,4,5]
"913"	[1,2,3,4,5]
"914"	[1,2,3,4,5]
"915"	[2,3,4,5]
"916"	[1,2,3,4,5]
"917"	[1,2,3,4,5]
"918"	[1,2,3,4,5]
"919"	[1,2,3,4,5]
"92"	[1,2,3,4,5]
"920"	[2,3,4,5]
"921"	[1,2,3,4,5]
"922"	[1,2,3,4,5]
"923"	[1,3,4,5]
"924"	[2,3,4,5]
"925"	[1,2,3,4,5]
"926"	[1,2,3,4,5]
"927"	[1,2,3,4,5]
"928"	[3,4,5]
"929"	[1,2,3,4,5]
"93"	[1,2,3,4,5]
"930"	[1,2,3,4,5]
"931"	[1,2,3,4,5]
"932"	[1,2,3,4,5]
"933"	[1,2,3,4,5]
"934"	[1,2,3,4,5]
"935"	[1,2,3,4,5]
"936"	[1,2,3,4,5]
"937"	[1,2,3,4,5]
"938"	[1,2,3,4,5]
"939"	[2,3,4,5]
"94"	[1,2,3,4,5]
"940"	[1,2,3,4,5]
"941"	[2,3,4,5]
"942"	[2,3,4,5]
"943"	[1,2,3,4,5]
"95"	[1,2,3,4,5]
"96"	[1,2,3,4,5]
"97"	[1,2,3,4,5]
"98"	[1,2,3,4,5]
"99"	[1,2,3,4,5]
