"218"	[2,3,4,5]
"219"	[1,3,4,5]
"22"	[1,2,3,4,5]
"220"	[1,3,4,5]
"221"	[1,2,3,4,5]
"222"	[1,2,3,4,5]
"223"	[1,2,3,4,5]
"224"	[1,2,3,4,5]
"225"	[2,4,5]
"226"	[1,2,3,4,5]
"227"	[1,2,3,4,5]
"228"	[1,2,3,4,5]
"229"	[1,2,3,4,5]
"23"	[1,2,3,4,5]
"230"	[1,2,3,4,5]
"231"	[1,3,4,5]
"232"	[1,2,3,4,5]
"233"	[2,3,4,5]
"234"	[1,2,3,4,5]
"235"	[1,2,3,4,5]
"236"	[1,2,3,4,5]
"237"	[2,3,4,5]
"238"	[1,2,3,4,5]
"239"	[1,2,3,4,5]
"24"	[2,3,4,5]
"240"	[1,2,3,4,5]
"241"	[2,3,4,5]
"242"	[3,4,5]
"243"	[1,2,3,4,5]
"244"	[1,2,3,4,5]
"245"	[1,2,3,4,5]
"246"	[1,2,3,4,5]
"247"	[2,3,4,5]
"248"	[1,2,3,4,5]
"249"	[1,2,3,4,5]
"25"	[2,3,4,5]
"250"	[1,2,3,4,5]
"251"	[2,3,4,5]
"252"	[3,4,5]
"253"	[1,2,3,4,5]
"254"	[1,2,3,4,5]
"255"	[1,2,3,4,5]
"256"	[1,2,3,4,5]
"257"	[2,3,4,5]
"258"	[1,2,3,4,5]
"259"	[2,3,4,5]
"26"	[1,2,3,4,5]
"260"	[1,2,3,4,5]
"261"	[2,3,4,5]
"262"	[1,2,3,4,5]
"263"	[1,2,3,4,5]
"264"	[1,2,3,4,5]
"265"	[1,2,3,4,5]
"266"	[1,2,3,4,5]
"267"	[1,2,3,4,5]
"268"	[1,2,3,4,5]
"269"	[1,2,3,4,5]
"27"	[2,3,4,5]
"270"	[1,2,3,4,5]
"271"	[1,2,3,4,5]
"272"	[1,2,3,4,5]
"273"	[2,3,4,5]
"274"	[1,2,3,4,5]
"275"	[2,3,4]
"276"	[1,2,3,4,5]
"277"	[1,2,3,4,5]
"278"	[2,3,4,5]
"279"	[1,2,3,4,5]
"28"	[1,2,3,4,5]
"280"	[1,2,3,4,5]
"281"	[1,2,3,4,5]
"282"	[1,2,3,4,5]
"283"	[2,3,4,5]
"284"	[2,3,4,5]
"285"	[2,3,4,5]
"286"	[1,2,3,4,5]
"287"	[1,2,3,4,5]
"288"	[1,2,3,4,5]
"289"	[1,2,3,4,5]
"29"	[2,3,4,5]
"290"	[1,2,3,4,5]
"291"	[1,2,3,4,5]
"292"	[2,3,4,5]
"293"	[1,2,3,4,5]
"294"	[1,2,3,4,5]
"295"	[1,2,3,4,5]
"296"	[1,2,3,4,5]
"297"	[1,2,3,4,5]
"298"	[2,3,4,5]
"299"	[1,2,3,4,5]
"3"	[1,2,3,4,5]
"30"	[1,2,3,4,5]
"300"	[1,2,3,4,5]
"301"	[1,2,3,4,5]
"302"	[1,2,3,4]
"303"	[1,2,3,4,5]
"304"	[1,2,3,4,5]
"305"	[1,2,3,4,5]
"306"	[1,2,3,4,5]
"307"	[1,2,3,4,5]
"308"	[1,2,3,4,5]
