"1"	[1,2,3,4,5]
"10"	[3,4,5]
"100"	[1,2,3,4,5]
"101"	[1,2,3,4,5]
"102"	[1,2,3,4]
"103"	[1,2,3,4,5]
"104"	[1,2,3,4,5]
"105"	[2,3,4,5]
"106"	[2,3,4,5]
"107"	[1,2,3,4,5]
"108"	[2,3,4,5]
"109"	[1,2,3,4,5]
"11"	[1,2,3,4,5]
"110"	[1,2,3,4,5]
"111"	[2,3,4,5]
"112"	[1,3,4,5]
"113"	[1,2,3,4,5]
"114"	[2,3,4,5]
"115"	[1,2,3,4,5]
"116"	[1,2,3,4,5]
"117"	[1,2,3,4,5]
"118"	[1,2,3,4,5]
"119"	[1,2,3,4,5]
"12"	[1,3,4,5]
"120"	[2,3,4,5]
"121"	[1,2,3,4,5]
"122"	[1,2,3,4,5]
"123"	[1,2,3,4,5]
"124"	[1,2,3,4,5]
"125"	[1,2,3,4,5]
"126"	[1,2,3,4,5]
"127"	[1,4,5]
"128"	[1,2,3,4,5]
"129"	[1,2,3,4,5]
"13"	[1,2,3,4,5]
"130"	[1,2,3,4,5]
"131"	[1,2,3,4,5]
"132"	[3,4,5]
"133"	[1,2,3,4,5]
"134"	[2,3,4,5]
"135"	[1,2,3,4,5]
"136"	[2,3,4,5]
"137"	[1,2,3,4,5]
"138"	[2,3,4,5]
"139"	[2,3,4,5]
"14"	[1,2,3,4,5]
"140"	[2,3,4,5]
"141"	[1,2,3,4,5]
"142"	[1,2,3,4,5]
"143"	[2,3,4,5]
"144"	[1,2,3,4,5]
"145"	[1,2,3,4,5]
"146"	[1,2,3,4,5]
"147"	[2,3,4,5]
"148"	[1,2,3,4,5]
"149"	[1,2,3,4,5]
"15"	[1,2,3,4,5]
"150"	[1,2,3,4,5]
"151"	[1,2,3,4,5]
"152"	[1,2,3,4,5]
"153"	[1,2,3,4,5]
"154"	[2,3,4,5]
"155"	[2,3,4,5]
"156"	[2,3,4,5]
"157"	[1,2,3,4,5]
"158"	[1,2,3,4,5]
"159"	[1,2,3,4,5]
"16"	[1,2,3,4,5]
"160"	[1,2,3,4,5]
"161"	[1,2,3,4,5]
"162"	[2,3,4,5]
"163"	[1,2,3,4,5]
"164"	[2,3,4,5]
"165"	[2,3,4,5]
"166"	[1,2,3,4,5]
"167"	[1,2,3,4,5]
"168"	[1,2,3,4,5]
"169"	[1,3,4,5]
"17"	[1,2,3,4,5]
"170"	[3,4,5]
"171"	[2,3,4,5]
"172"	[1,2,3,4,5]
"173"	[1,3,4,5]
"174"	[1,2,3,4,5]
"175"	[1,2,3,4,5]
"176"	[1,2,3,4,5]
"177"	[1,2,3,4,5]
"178"	[1,2,3,4,5]
"179"	[1,2,3,4,5]
"18"	[2,3,4,5]
"180"	[1,2,3,4,5]
"181"	[1,2,3,4,5]
"182"	[2,3,4,5]
"183"	[1,2,3,4,5]
"184"	[1,2,3,4,5]
"185"	[1,3,4,5]
"186"	[1,2,3,4,5]
"187"	[1,2,3,4,5]
"188"	[1,2,3,4,5]
"189"	[1,2,3,4,5]
"19"	[2,3,4,5]
"190"	[1,2,3,4,5]
"191"	[2,3,4,5]
"192"	[1,2,3,4,5]
"193"	[1,2,3,4,5]
"194"	[1,2,3,4,5]
"195"	[1,2,3,4,5]
"196"	[1,2,3,4,5]
"197"	[1,2,3,4,5]
"198"	[1,2,3,4,5]
"199"	[1,2,3,4,5]
"2"	[1,2,3,4,5]
"20"	[1,2,3,4,5]
"200"	[2,3,4,5]
"201"	[1,2,3,4,5]
"202"	[1,2,3,4,5]
"203"	[1,2,3,4,5]
"204"	[1,2,3,4,5]
"205"	[1,2,3,4]
"206"	[1,2,3,4,5]
"207"	[1,2,3,4,5]
"208"	[1,2,3,4,5]
"209"	[1,2,3,4,5]
"21"	[1,2,3,4,5]
"210"	[2,3,4,5]
"211"	[1,2,3,4,5]
"212"	[1,2,3,4,5]
"213"	[1,2,3,4,5]
"214"	[2,3,4,5]
"215"	[2,3,4,5]
"216"	[1,2,3,4,5]
"217"	[1,2,3,4,5]
