"728"	[2,3,4,5]
"729"	[1,2,3,4,5]
"73"	[1,2,3,4,5]
"730"	[1,2,3,4,5]
"731"	[1,2,3,4,5]
"732"	[1,2,3,4,5]
"733"	[1,2,3,4,5]
"734"	[1,2,3,4,5]
"735"	[1,2,3,4,5]
"736"	[1,2,3,4,5]
"737"	[1,2,3,4,5]
"738"	[2,3,4,5]
"739"	[1,2,3,4,5]
"74"	[2,3,4,5]
"740"	[1,2,3,4,5]
"741"	[1,2,3,4,5]
"742"	[1,2,3,4,5]
"743"	[1,2,3,4,5]
"744"	[2,3,4,5]
"745"	[1,2,3,4,5]
"746"	[1,2,3,4,5]
"747"	[1,2,3,4,5]
"748"	[1,2,3,4,5]
"749"	[1,2,3,4,5]
"75"	[1,2,3,4,5]
"750"	[1,2,3,4]
"751"	[1,2,3,4,5]
"752"	[1,2,3,4,5]
"753"	[1,2,3,4,5]
"754"	[1,2,3,4,5]
"755"	[1,2,3,4,5]
"756"	[1,2,3,4,5]
"757"	[1,2,3,4,5]
"758"	[1,2,3,4,5]
"759"	[2,3,4,5]
"76"	[1,2,3,4,5]
"760"	[1,2,3,4,5]
"761"	[1,2,3,4,5]
"762"	[1,2,3,4,5]
"763"	[2,3,4,5]
"764"	[1,2,3,4,5]
"765"	[2,3,4,5]
"766"	[1,2,3,4,5]
"767"	[3,4,5]
"768"	[1,2,3,4,5]
"769"	[1,2,3,4,5]
"77"	[1,2,3,4,5]
"770"	[2,3,4,5]
"771"	[1,2,3,4,5]
"772"	[2,3,4,5]
"773"	[1,2,3,4,5]
"774"	[1,2,3,4,5]
"775"	[2,3,4,5]
"776"	[1,2,3,4,5]
"777"	[1,2,3,4,5]
"778"	[1,2,3,4,5]
"779"	[2,3,4,5]
"78"	[1,2,3,4,5]
"780"	[1,2,3,4,5]
"781"	[1,2,3,4,5]
"782"	[1,2,3,4,5]
"783"	[1,3,4,5]
"784"	[3,4,5]
"785"	[2,3,4,5]
"786"	[1,2,3,4,5]
"787"	[1,2,3,4,5]
"788"	[1,2,3,4,5]
"789"	[1,2,3,4,5]
"79"	[2,3,4,5]
"790"	[1,2,3,4,5]
"791"	[1,2,3,4,5]
"792"	[1,2,3,4,5]
"793"	[2,3,4,5]
"794"	[2,3,4,5]
"795"	[1,2,3,4,5]
"796"	[1,2,3,4,5]
"797"	[1,2,3,4,5]
"798"	[1,2,3,4,5]
"799"	[2,3,4,5]
"8"	[1,2,3,4,5]
"80"	[1,2,3,4,5]
"800"	[2,3,4,5]
"801"	[1,2,3,4,5]
"802"	[1,2,3,4,5]
"803"	[1,2,3,4,5]
"804"	[1,2,3,4,5]
"805"	[1,2,3,4,5]
"806"	[1,2,3,4,5]
"807"	[1,2,3,4,5]
"808"	[1,3,4,5]
"809"	[1,2,3,4,5]
"81"	[1,2,3,4,5]
"810"	[3,4,5]
"811"	[2,3,4,5]
"812"	[1,2,3,4,5]
"813"	[1,2,3,4,5]
"814"	[2,3,4]
"815"	[1,2,3,4,5]
"816"	[2,3,4,5]
"817"	[1,2,3,4,5]
"818"	[1,2,3,4,5]
"819"	[1,2,3,4,5]
"82"	[1,2,3,4,5]
"820"	[1,2,3,4,5]
"821"	[2,3,4,5]
"822"	[1,2,3,4,5]
"823"	[1,2,3,4,5]
"824"	[1,2,3,4]
"825"	[1,2,3,4,5]
"826"	[2,3,4,5]
"827"	[2,3,4,5]
"828"	[1,2,3,4,5]
"829"	[1,2,3,4,5]
"83"	[1,2,3,4,5]
"830"	[1,2,3,4,5]
"831"	[1,2,3,4,5]
"832"	[2,3,4,5]
"833"	[1,2,3,4,5]
"834"	[2,3,4,5]
"835"	[2,3,4,5]
"836"	[1,2,3,4,5]
"837"	[1,2,3,4,5]
"838"	[2,3,4,5]
"839"	[1,2,3,4,5]
"84"	[2,3,4,5]
"840"	[1,2,3,4,5]
"841"	[1,3,4,5]
"842"	[1,2,3,4,5]
"843"	[1,2,3,4,5]
"844"	[1,2,3,4,5]
"845"	[1,2,3,4,5]
"846"	[1,2,3,4,5]
"847"	[1,2,3,4,5]
"848"	[1,2,3,4,5]
"849"	[4,5]
"85"	[1,2,3,4,5]
"850"	[1,2,3,4,5]
"851"	[1,2,3,4,5]
"852"	[1,2,3,4,5]
"853"	[1,2,3,4,5]
"854"	[1,2,3,4,5]
