"62"	[1,2,3,4,5]
"620"	[1,2,3,4,5]
"621"	[1,2,3,4,5]
"622"	[1,2,3,4,5]
"623"	[1,2,3,4,5]
"624"	[1,2,3,4,5]
"625"	[2,3,4,5]
"626"	[1,2,3,4,5]
"627"	[1,2,3,4,5]
"628"	[2,3,4,5]
"629"	[1,2,3,4,5]
"63"	[1,2,3,4,5]
"630"	[1,2,3,4,5]
"631"	[2,3,4]
"632"	[1,2,3,4,5]
"633"	[1,2,3,4,5]
"634"	[1,2,3,4,5]
"635"	[1,2,3,4,5]
"636"	[3,4,5]
"637"	[1,2,3,4,5]
"638"	[1,2,3,4,5]
"639"	[1,2,3,4,5]
"64"	[1,2,3,4,5]
"640"	[1,2,3,4,5]
"641"	[2,3,4,5]
"642"	[1,2,3,4,5]
"643"	[2,3,4,5]
"644"	[1,3,4,5]
"645"	[1,2,3,4,5]
"646"	[1,2,3,4,5]
"647"	[2,3,4,5]
"648"	[1,2,3,4,5]
"649"	[2,3,4,5]
"65"	[1,2,3,4,5]
"650"	[1,2,3,4,5]
"651"	[1,2,3,4,5]
"652"	[1,2,3,4,5]
"653"	[1,2,3,4,5]
"654"	[1,2,3,4,5]
"655"	[1,2,3,4,5]
"656"	[1,2,3,4,5]
"657"	[1,2,3,4,5]
"658"	[2,3,4,5]
"659"	[1,2,3,4,5]
"66"	[1,2,3,4,5]
"660"	[1,2,3,4,5]
"661"	[1,2,3,4,5]
"662"	[2,3,4,5]
"663"	[1,2,3,4,5]
"664"	[1,2,3,4,5]
"665"	[1,2,3,4,5]
"666"	[2,3,4,5]
"667"	[1,2,3,4,5]
"668"	[1,2,3,4,5]
"669"	[1,2,3,4,5]
"67"	[1,3,4,5]
"670"	[2,3,4,5]
"671"	[1,2,3,4,5]
"672"	[1,2,3,4,5]
"673"	[1,2,3,4,5]
"674"	[1,2,3,4,5]
"675"	[1,2,3,4,5]
"676"	[1,2,3,4,5]
"677"	[1,2,3,4,5]
"678"	[1,2,3,4,5]
"679"	[1,2,3,4,5]
"68"	[1,2,3,4,5]
"680"	[2,3,4,5]
"681"	[1,2,3,4,5]
"682"	[1,2,3,4,5]
"683"	[1,2,3,4,5]
"684"	[1,2,3,4,5]
"685"	[1,2,3]
"686"	[1,2,3,4,5]
"687"	[2,3,4,5]
"688"	[2,4,5]
"689"	[1,2,3,4,5]
"69"	[1,2,3,4,5]
"690"	[1,2,3,4,5]
"691"	[1,2,3,4,5]
"692"	[1,2,3,4,5]
"693"	[1,2,3,4,5]
"694"	[3,4,5]
"695"	[1,2,3,4,5]
"696"	[1,3,4,5]
"697"	[1,2,3,4,5]
"698"	[1,2,3,4,5]
"699"	[1,2,3,4,5]
"7"	[1,2,3,4,5]
"70"	[1,2,3,4,5]
"700"	[3,4,5]
"701"	[3,4,5]
"702"	[1,2,3,4,5]
"703"	[1,2,3,4,5]
"704"	[2,3,4,5]
"705"	[1,2,3,4,5]
"706"	[1,2,3,4,5]
"707"	[1,2,3,4,5]
"708"	[1,2,3,4,5]
"709"	[1,2,3,4,5]
"71"	[1,2,3,4,5]
"710"	[1,2,3,4,5]
"711"	[1,2,3,4,5]
"712"	[1,2,3,4,5]
"713"	[1,2,3,4,5]
"714"	[1,2,3,4,5]
"715"	[1,2,3,4,5]
"716"	[1,2,3,4,5]
"717"	[1,2,3,4,5]
"718"	[1,2,3,4,5]
"719"	[1,2,3,4,5]
"72"	[1,2,3,4,5]
"720"	[2,3,4,5]
"721"	[1,2,3,4,5]
"722"	[2,3,4,5]
"723"	[1,2,3,4,5]
"724"	[1,2,3,4,5]
"725"	[1,2,3,4,5]
"726"	[1,2,3,4,5]
"727"	[1,2,3,4,5]
