"309"	[2,3,4,5]
"31"	[2,3,4,5]
"310"	[1,3,4,5]
"311"	[1,2,3,4,5]
"312"	[1,2,3,4,5]
"313"	[1,2,3,4,5]
"314"	[1,2,3,4,5]
"315"	[1,2,3,4,5]
"316"	[1,2,3,4,5]
"317"	[2,3,4,5]
"318"	[1,2,3,4,5]
"319"	[2,3,4,5]
"32"	[1,2,3,4,5]
"320"	[1,2,3,4,5]
"321"	[2,3,4,5]
"322"	[2,3,4,5]
"323"	[1,2,3,4,5]
"324"	[1,3,4,5]
"325"	[1,2,3,4,5]
"326"	[1,2,3,4,5]
"327"	[1,2,3,4,5]
"328"	[1,2,3,4,5]
"329"	[2,3,4,5]
"33"	[3,4,5]
"330"	[2,3,4,5]
"331"	[1,2,3,4,5]
"332"	[2,3,4,5]
"333"	[1,2,3,4,5]
"334"	[1,2,3,4,5]
"335"	[1,2,3,4,5]
"336"	[1,2,3,4,5]
"337"	[1,2,3,4,5]
"338"	[1,2,3,4,5]
"339"	[1,2,3,4,5]
"34"	[1,2,4,5]
"340"	[1,2,3,4,5]
"341"	[1,2,3,4,5]
"342"	[1,2,3,4,5]
"343"	[1,2,3,4,5]
"344"	[1,2,3,4,5]
"345"	[1,2,3,4,5]
"346"	[1,2,3,4,5]
"347"	[1,2,3,4,5]
"348"	[2,3,4,5]
"349"	[1,2,3,4,5]
"35"	[1,2,3,4,5]
"350"	[2,3,4,5]
"351"	[1,2,3,4,5]
"352"	[1,2,3,4,5]
"353"	[1,2,3,4,5]
"354"	[1,2,3,4,5]
"355"	[3,4,5]
"356"	[1,2,3,4,5]
"357"	[2,3,4,5]
"358"	[1,2,3,4,5]
"359"	[3,4,5]
"36"	[1,2,3,4,5]
"360"	[2,3,4,5]
"361"	[1,2,3,4,5]
"362"	[1,2,3,4,5]
"363"	[1,2,3,4,5]
"364"	[1,2,3,4,5]
"365"	[1,2,3,4,5]
"366"	[1,2,3,4,5]
"367"	[2,3,4,5]
"368"	[1,2,3,4,5]
"369"	[2,3,4,5]
"37"	[1,2,3,4,5]
"370"	[1,2,3,4,5]
"371"	[1,2,3,4,5]
"372"	[2,3,4,5]
"373"	[1,2,3,4,5]
"374"	[1,2,3,4,5]
"375"	[2,3,4,5]
"376"	[3,4,5]
"377"	[2,3,4,5]
"378"	[1,2,3,4,5]
"379"	[1,2,3,4,5]
"38"	[1,2,3,4,5]
"380"	[1,2,3,4,5]
"381"	[1,2,3,4,5]
"382"	[1,2,3,4,5]
"383"	[2,3,4,5]
"384"	[3,4,5]
"385"	[1,2,3,4,5]
"386"	[2,3,4,5]
"387"	[1,2,3,4,5]
"388"	[2,3,4,5]
"389"	[1,2,3,4,5]
"39"	[2,3,4,5]
"390"	[1,2,3,4,5]
"391"	[1,2,3,4,5]
"392"	[1,2,3,4,5]
"393"	[1,2,3,4,5]
"394"	[1,2,3,4,5]
"395"	[1,2,3,4,5]
"396"	[2,3,4,5]
"397"	[1,2,3,4,5]
"398"	[2,3,4,5]
"399"	[1,2,3,4,5]
"4"	[2,3,4,5]
"40"	[1,2,3,4]
"400"	[2,3,4,5]
"401"	[1,2,3,4,5]
"402"	[1,2,3,4,5]
"403"	[1,2,3,4,5]
"404"	[1,2,3,4,5]
"405"	[1,2,3,4,5]
